#  mK  
1 0.25   
2 -0.19  
3 0.25 
4 -0.56  
5 -0.41
6 -0.94  
7 0.84   
8 -0.30  
9 -2.06   
10 -1.39 
11 0.07  
12 1.80 
13 -1.02   
14 -0.46 
15 0.29 
16 -0.36 
17 -0.42  
18 1.43
19 -1.33 
20 0.06
21 0.82  
22 0.42  
23 3.76 
24 1.10  
25 1.31 
26 1.86
27 0.32   
28 -1.14   
29 1.24   
30 -0.29
31 0.02  
32 -1.52 
33 0.44
34 0.05  
35 0.59  
36 0.94  
37 -0.10    
38 0.57 
39 0.40  
40 -0.97 
41 2.20   
42 0.15
43 -0.37    
44 -0.67  
45 -0.05  
46 -0.20  
47 0.65  
48 -1.24  
49 -1.56    
50 -0.64  
51 0.48    
52 1.79   
53 0.07    
54 1.30  
55 0.29   
56 -0.23  
57 -0.50    
58 0.93 
59 -1.28 
60 -1.98 
61 1.85 
62 0.89 
63 0.65 
64 0.28